Year,Average Emission,Average Renewable
2000,4.745671495981311,47004018.333333336
2001,4.804471924664335,46129929.166666664
2002,4.758822679046362,47718645.0
2003,4.887568976783654,48314706.666666664
2004,4.922122326465601,51769929.166666664
2005,4.956019399297617,53601217.21311475
2006,5.028249554857904,55572822.76422764
2007,5.054366085033549,57242458.53658537
2008,5.052474296038859,60402460.97560976
2009,4.826408008726208,62725220.325203255
2010,4.940239464039203,56766261.78861789
2011,4.877931229827486,44278094.30894309
2012,5.048346746022385,69766885.29411764
2013,4.951784639692221,
2014,4.968173757428006,
2015,,
